688 92 508 332 328 127 290 724 119 862 
166 262 515 555 599 80 1 806 686 318 
195 815 136 335 273 796 948 776 336 632 
567 374 994 30 39 569 837 783 850 350 
857 963 282 800 154 220 469 339 103 810 
19 32 537 49 806 936 370 54 280 633 
657 839 942 605 852 709 759 3 543 840 
772 875 155 837 613 100 952 406 772 61 
118 445 349 585 447 28 690 359 145 404 
873 830 132 11 513 819 507 945 690 23 
988 229 296 16 88 125 851 174 212 128 
539 340 838 208 301 337 260 905 501 112 
389 934 84 58 603 916 70 941 264 55 
927 932 168 159 605 139 712 412 462 541 
739 704 795 166 314 963 754 160 321 163 
520 333 70 944 238 166 585 351 873 783 
178 913 549 66 213 849 13 907 150 264 
872 740 795 906 509 364 682 118 743 925 
754 235 745 796 976 347 779 852 894 192 
458 645 880 250 20 848 425 127 828 271 
749 504 657 668 946 324 281 344 986 668 
392 448 395 649 700 846 567 29 962 834 
416 281 252 15 373 99 270 34 758 751 
614 200 263 767 197 788 267 129 249 689 
458 879 60 521 769 363 561 857 586 396 
171 347 431 242 418 662 709 929 278 340 
943 449 611 624 658 605 229 701 996 846 
438 277 110 161 739 839 476 952 357 247 
143 559 995 726 903 10 426 282 201 50 
545 374 369 462 243 831 985 393 106 741 
573 422 424 373 674 388 166 278 80 837 
226 247 23 969 949 942 731 776 319 941 
665 923 757 705 231 917 460 363 964 911 
1001 799 40 914 251 757 49 721 163 373 
616 980 822 619 302 708 123 724 23 713 
931 284 445 335 47 473 255 298 14 406 
580 875 156 373 302 453 722 196 510 672 
831 161 416 476 674 507 791 336 472 804 
811 149 636 796 523 731 325 407 754 625 
953 311 485 181 609 371 721 211 966 483 
640 480 945 774 48 39 175 797 103 145 
919 599 396 138 647 903 348 523 371 47 
26 346 657 648 255 143 902 809 608 182 
880 874 352 431 43 278 83 242 157 13 
390 547 889 15 254 117 440 188 157 363 
236 626 929 880 124 282 903 603 911 976 
815 492 356 395 357 944 199 362 333 566 
672 469 959 342 595 633 346 303 376 931 
5 583 632 49 981 335 260 699 752 508 
748 902 643 883 332 583 172 830 988 471 